rotation of -i
                               1
                0                               0
        1               1               0               1
    0       1       1       1       1       1       0      0
  1   1   0   0   1   0   1   0   1   1   1   1   1   1  0   1
 0 0 1 1 1 1 0 1 0 1 1 1 0 1 1 0 0 0 1 1 1 1 1 1 1 0 1 1 1 1 0 0
1100011010111101110011101000101100000110111111101111001111111101


rotation of -(i+1)
                                0
                1                               0
        0               1               1               0
    1       0       1       1       1       1       1       0
  0   1   1   0   0   1   0   1   0   1   1   1   1   1   1   0
 1 0 0 1 1 1 1 0 1 0 1 1 1 0 1 1 0 0 0 1 1 1 1 1 1 1 0 1 1 1 1 0
0110001101011110111001110100010110000011011111110111100111111110
